-102.247 22.3754
-102.178 22.3634
-102.148 22.346
-102.154 22.2913
-102.104 22.2857
-102.08 22.3077
-102.06 22.2879
-102.006 22.2687
-102.001 22.1772
-102.024 22.1278
-102.017 22.113
-101.928 22.0919
-101.902 22.057
-101.863 22.0399
-101.863 21.989
-101.886 21.9761
-101.87 21.9451
-101.88 21.9098
-102.023 21.8608
-102.073 21.7807
-102.13 21.7417
-102.14 21.7108
-102.235 21.6507
-102.282 21.6516
-102.334 21.6244
-102.384 21.6642
-102.447 21.6753
-102.454 21.7057
-102.48 21.7014
-102.523 21.7438
-102.558 21.7572
-102.629 21.7428
-102.672 21.7627
-102.703 21.7564
-102.711 21.7296
-102.742 21.7165
-102.817 21.768
-102.874 21.8594
-102.841 21.9391
-102.755 22.0723
-102.69 22.1112
-102.665 22.1855
-102.637 22.2304
-102.668 22.2463
-102.67 22.2974
-102.512 22.2939
-102.451 22.3142
-102.468 22.3532
-102.389 22.3695
-102.322 22.3927
-102.311 22.4563
-102.282 22.4147
-102.247 22.3754
